# pulseview/log/both_short_hold_raw.txt
# Remote Dout -> Nano D2 | baud 115200
# Steps: 1) short-press BOTH  2) hold BOTH ~2s then release
# RAW lines = edge durations in microseconds
# --- capture start ---
--- Terminal on COM8 | 115200 8-N-1
--- Available filters and text transformations: debug, default, direct, hexlify, log2file, nocontrol, printable, send_on_enter, time
--- More details at https://bit.ly/pio-monitor-filters
--- Quit: Ctrl+C | Menu: Ctrl+T | Help: Ctrl+T followed by Ctrl+H
17:23:49.145 > 
17:23:49.145 > ========================================
17:23:49.148 > Arduino Nano boilerplate
17:23:49.151 > ========================================
17:23:49.153 > Board: ATmega328P @ 16MHz
17:23:49.156 > Edit include/config.h to enable demos.
17:23:49.159 > Pin map: include/board_pins.h
17:23:49.161 > Helpers: include/tools.h
17:23:49.165 > Enabled demos / wiring:
17:23:49.168 >   RF_RX+LIGHT  remote Dout->D2, LED ring DIN->D3, 5V+GND
17:23:49.170 > === RAW + TEST LOG SESSION ===
17:23:49.173 > RF + LED show (fade + solid-HIGH release)
17:23:49.179 >   Dout->D2  ring->D3
17:23:49.181 >   3x LOCK=OFF  3x UNLOCK=ON
17:23:49.181 >   release = long HIGH block, then fade
17:23:49.187 > RAW log ON ΓÇö each frame prints pulse widths (us)
17:23:49.189 > Do: 1) short-press BOTH  2) hold BOTH ~2s
17:23:49.195 > Ready.
17:23:49.195 > setup() done ΓÇö entering loop()
17:23:54.989 > RAW ms=5848 n=49 us: 11328 1116 380 368 1612 588 376 368 1080 388 1080 1112 384 368 1080 384 1084 384 1080 1116 380 368 1084 1112 384 368 1080 388 1080 1112 380 1100 776 1056 1116 380 368 1084 1112 384 368 1080 388 1080 1112 384 368 1080 388
17:23:55.010 > DEC fail
17:23:55.035 > RAW ms=5894 n=50 us: 11296 1112 380 372 1080 1112 384 368 1080 396 1072 1112 384 368 1084 384 1080 980 488 1116 380 368 1080 1116 380 372 1080 384 1080 1116 384 1096 380 372 1080 1112 384 368 1084 1116 380 368 1080 388 1080 1116 380 372 1080 384
17:23:55.055 > DEC 0xA4D352 LOCK
17:23:55.083 > RAW ms=5941 n=50 us: 11304 1108 384 368 1080 1116 380 368 1084 384 1080 1116 380 368 1084 384 1084 384 1692 512 376 368 1080 1116 380 368 1084 384 1080 1116 380 1100 380 372 1080 1116 380 372 1080 1112 384 368 1084 384 1092 1104 380 372 1080 384
17:23:55.102 > DEC fail
17:23:55.129 > RAW ms=5988 n=49 us: 11304 1112 384 364 1084 1116 380 368 1084 384 1080 1116 380 372 1080 388 1080 384 1084 1116 376 372 1080 1116 380 372 1080 384 1084 1112 384 1100 380 368 1084 1116 380 368 1084 1112 384 368 1560 988 1116 380 372 1080 388
17:23:55.151 > DEC fail
17:23:55.553 > RAW ms=6411 n=50 us: 11328 1116 380 368 1084 1112 384 368 1080 384 1084 1112 384 368 1080 384 1084 384 1084 1112 384 368 1084 1112 380 368 1084 384 1084 1112 384 1096 384 368 1084 1112 384 368 1080 1116 380 368 1084 384 1084 1116 380 368 1312 176
17:23:55.571 > DEC 0xA45352 LOCK
17:23:55.575 > CODE 0xA45352 LOCK
17:23:55.575 > GESTURE lock 1/3
17:23:55.579 > HOLD LOCK
17:23:55.600 > RAW ms=6458 n=50 us: 11280 1116 380 368 1080 1116 380 372 1080 384 1084 1112 384 368 1080 388 1080 384 1084 1112 384 368 1728 480 368 368 1084 384 1084 1112 384 1100 380 372 1080 1112 384 368 1084 1112 380 372 1084 384 1080 1116 380 368 1272 220
17:23:55.619 > DEC fail
17:23:55.646 > RAW ms=6505 n=50 us: 11276 1116 380 372 1080 1112 384 368 1084 384 1084 1112 380 372 1080 384 1160 316 1080 1112 380 368 1080 1116 380 372 1080 384 1084 1116 380 1100 380 372 1080 1116 380 368 1084 1116 380 1024 428 384 1080 1116 380 372 1080 384
17:23:55.666 > DEC 0xA4535A IDLE
17:23:55.693 > RELEASE LOCK (solid HIGH)
17:23:55.693 > RAW ms=6552 n=49 us: 11304 1112 384 368 1084 1116 380 368 1080 384 1084 1116 380 368 1084 388 1076 884 588 1116 376 372 1080 1116 380 368 1084 388 1080 1116 380 1100 380 368 1084 1116 380 372 1080 1116 380 372 1732 812 1116 388 364 1080 388
17:23:55.716 > DEC fail
17:23:55.731 > RAW ms=6590 n=38 us: 11300 1124 372 372 1080 1116 380 372 1080 388 1080 1116 380 368 1084 384 1084 384 1092 1104 384 368 1080 1116 384 368 1084 384 1084 1112 384 1100 380 368 1084 1116 380 372
17:23:55.747 > DEC fail
17:23:56.193 > RAW ms=7052 n=50 us: 11328 1116 380 368 1084 1112 384 368 1084 384 1084 1112 380 372 1080 384 1080 388 1080 1116 380 368 1080 1116 384 368 1080 1084 384 1116 380 1100 380 368 1084 1116 380 368 1084 1116 380 368 1084 384 1080 1116 384 368 1080 388
17:23:56.213 > DEC 0xA45752 LOCK
17:23:56.240 > RAW ms=7099 n=50 us: 11296 1116 384 364 1084 1116 380 368 1084 388 1076 1116 380 368 1084 384 1084 384 1096 1108 376 364 1084 1116 384 364 1084 384 1084 1116 380 1096 384 368 1084 1112 384 368 1080 1116 380 372 1080 384 1280 920 380 368 1084 384
17:23:56.258 > DEC 0xA45352 LOCK
17:23:56.262 > CODE 0xA45352 LOCK
17:23:56.262 > GESTURE lock 2/3
17:23:56.266 > HOLD LOCK
17:23:56.287 > RAW ms=7146 n=50 us: 11304 1116 380 368 1080 1120 376 372 1080 388 1080 1116 380 372 1080 388 1080 384 1084 1112 384 368 1632 568 376 368 1088 384 1080 1112 384 1100 380 368 1084 1116 380 368 1084 1112 384 368 1084 384 1084 1112 384 368 1432 40
17:23:56.306 > DEC fail
17:23:56.333 > RAW ms=7193 n=50 us: 11300 1112 384 368 1084 1120 376 368 1080 388 1080 1116 380 372 1080 388 1088 380 1080 1116 380 372 1080 1116 380 368 1084 384 1084 1116 380 1100 380 372 1080 1116 380 368 1088 1112 380 368 1084 384 1084 1116 380 372 1080 384
17:23:56.353 > DEC 0xA45352 LOCK
17:23:56.367 > RAW ms=7227 n=32 us: 11308 1116 380 368 1084 1112 384 368 1080 388 1084 1112 380 372 1080 392 1076 892 580 1112 384 368 1080 1116 384 368 1084 384 1084 1112 380 496
17:23:56.382 > DEC fail
17:23:56.426 > RELEASE LOCK (solid HIGH)
17:23:57.943 > RAW ms=8804 n=50 us: 11468 1112 384 368 1080 1116 380 368 1084 380 1084 1116 380 368 1080 388 1080 384 1080 1116 380 1012 436 1116 380 368 1084 384 1080 1116 384 1096 380 368 1084 1112 384 368 1080 1116 380 368 1084 1112 384 364 1084 384 1084 384
17:23:57.962 > DEC 0xA47354 UNLOCK
17:23:57.989 > RAW ms=8850 n=51 us: 11296 1112 384 364 1084 1112 384 368 1080 392 1076 1116 376 372 1080 384 1084 384 1080 868 272 356 372 1080 1112 384 368 1080 384 1084 1112 384 1096 384 364 1084 1112 384 372 1080 1112 384 364 1084 1116 380 860 592 384 1080 384
17:23:58.009 > DEC fail
17:23:58.037 > RAW ms=8897 n=50 us: 11296 1116 384 372 1076 1112 380 372 1080 388 1080 1116 376 372 1080 388 1080 384 1204 992 380 372 1084 1112 380 372 1080 380 1084 1116 380 1100 380 368 1084 1112 380 372 1080 1116 380 368 1084 1400 96 368 1080 384 1084 384
17:23:58.057 > DEC fail
17:23:58.083 > RAW ms=8944 n=50 us: 11300 1112 384 368 1080 1116 380 368 1084 388 1076 1116 380 368 1084 384 1084 384 1080 1116 384 364 1084 1112 384 364 1084 384 1084 1116 380 1100 380 368 1084 1112 384 364 1084 1116 380 368 1584 620 376 368 1084 388 1076 388
17:23:58.103 > DEC fail
17:23:58.113 > RAW ms=8974 n=26 us: 11300 1112 384 368 1080 1116 380 368 1084 388 1076 1116 384 368 1080 396 1072 388 1080 1112 388 364 1080 1116 380 260
17:23:58.125 > DEC fail
17:23:58.649 > RAW ms=9509 n=50 us: 11336 1112 384 364 1084 1112 384 368 1080 384 1084 1112 384 364 1084 384 1084 380 1084 1116 380 856 596 1112 384 368 1080 384 1084 1116 380 1096 384 368 1080 1116 380 372 1080 1112 384 368 1084 1112 380 368 1084 384 1084 744
17:23:58.667 > DEC 0xA47354 UNLOCK
17:23:58.670 > CODE 0xA47354 UNLOCK
17:23:58.673 > GESTURE unlock 1/3
17:23:58.673 > HOLD UNLOCK
17:23:58.695 > RAW ms=9556 n=49 us: 10936 1116 380 368 1084 1112 384 364 1084 384 1084 1116 380 368 1080 388 1080 384 1084 1116 380 368 1080 1116 380 372 1624 924 1116 380 1100 380 368 1084 1112 380 368 1084 1112 384 368 1084 1112 384 364 1084 388 1080 384
17:23:58.716 > DEC fail
17:23:58.742 > RAW ms=9604 n=49 us: 11300 1116 380 368 1084 1120 372 372 1080 384 1084 1112 384 368 1080 392 1076 384 1208 988 384 368 1080 1116 380 372 1084 380 1084 1116 380 1096 384 368 1080 1116 380 368 1084 1120 376 368 1084 1792 80 1072 388 1084 380
17:23:58.763 > DEC fail
17:23:58.788 > RELEASE UNLOCK (solid HIGH)
17:23:58.788 > RAW ms=9650 n=49 us: 11304 1112 384 376 1072 1116 380 368 1084 384 1084 1112 384 368 1080 388 1080 384 1136 1064 384 364 1084 1116 380 368 1084 380 1088 1112 384 1096 380 368 1084 1116 380 368 1088 1108 388 364 1080 1116 756 1076 384 1088 380
17:23:58.811 > DEC fail
17:23:58.830 > RAW ms=9692 n=41 us: 11304 1116 380 368 1080 1116 384 364 1084 384 1084 1116 388 360 1084 384 1080 388 1084 1628 248 1068 1112 384 368 1084 384 1084 1116 380 1096 384 368 1084 1116 380 368 1084 1112 384 368
17:23:58.847 > DEC fail
17:23:59.314 > RAW ms=10176 n=49 us: 11332 1116 380 368 1084 1112 384 368 1080 384 1080 1116 384 364 1084 384 1084 384 1080 1116 380 368 1208 988 384 368 1080 384 1084 1112 384 1096 384 368 1080 1116 380 372 1080 1112 384 368 1080 1116 380 368 1084 384 1512
17:23:59.333 > DEC 0xA45354 UNLOCK
17:23:59.335 > CODE 0xA45354 UNLOCK
17:23:59.335 > GESTURE unlock 2/3
17:23:59.340 > HOLD UNLOCK
17:23:59.361 > RAW ms=10222 n=50 us: 11252 1116 380 368 1084 1112 384 368 1080 388 1080 1116 380 368 1084 380 1084 384 1084 1112 384 368 1088 1108 380 368 1092 376 1084 1112 380 1100 380 368 1084 1116 376 372 1084 1112 380 372 1080 1116 380 368 1084 384 1080 384
17:23:59.380 > DEC 0xA45354 UNLOCK
17:23:59.409 > RAW ms=10269 n=49 us: 11300 1116 380 368 1084 1112 384 368 1080 388 1080 1112 384 364 1088 380 1084 384 1084 1556 316 1072 1116 380 368 1084 384 1084 1112 380 1100 380 368 1084 1116 380 368 1080 1116 384 368 1080 1116 380 368 1084 1024 440 384
17:23:59.429 > DEC fail
17:23:59.455 > RAW ms=10316 n=49 us: 11304 1116 380 372 1076 1116 380 368 1084 384 1080 1116 384 364 1084 384 1084 384 1392 804 384 368 1080 1116 380 368 1084 384 1084 1112 384 1096 384 368 1080 1116 380 368 1084 1112 384 368 1080 1116 880 952 384 1084 384
17:23:59.476 > DEC fail
17:23:59.501 > RELEASE UNLOCK (solid HIGH)
17:23:59.501 > RAW ms=10363 n=49 us: 11304 1112 384 364 1084 1116 380 368 1084 388 1076 1116 384 368 1080 388 1080 384 1208 992 380 368 1084 1112 384 368 1084 384 1080 1116 380 1100 380 372 1080 1116 380 368 1084 1116 380 368 1084 1116 944 888 384 1088 380
17:23:59.524 > DEC fail
17:24:00.784 > RAW ms=11646 n=49 us: 11332 1112 384 368 1116 1080 380 368 1084 384 1080 1116 380 368 1084 384 1084 384 1084 1112 384 364 1084 1116 380 368 1084 384 1080 1812 784 380 372 1080 1116 380 368 1084 1116 380 372 1080 384 1084 1112 384 364 1084 388
17:24:00.804 > DEC fail
17:24:00.829 > RAW ms=11692 n=49 us: 11300 1116 380 368 1080 1116 380 368 1084 384 1080 1116 380 372 1080 388 1080 384 1084 1116 380 824 628 1116 380 372 1076 388 1080 1116 380 1100 380 372 1080 1116 380 368 1084 1116 380 372 1080 380 1084 1116 380 372 1584
17:24:00.849 > DEC 0xA47352 LOCK
17:24:00.875 > RAW ms=11739 n=50 us: 11184 1116 380 368 1084 1116 380 368 1084 380 1084 1116 380 372 1080 384 1084 392 1516 676 376 372 1080 1116 380 372 1080 384 1084 1116 380 1100 380 368 1084 1116 380 368 1084 1116 380 368 1084 384 1084 1452 52 360 1080 388
17:24:00.895 > DEC fail
17:24:00.923 > RAW ms=11786 n=50 us: 11304 1116 380 368 1084 1120 376 364 1084 388 1080 1116 380 368 1084 388 1080 384 1080 1116 384 368 1080 1116 384 368 1080 388 1084 1112 380 1100 380 372 1080 1116 380 372 1080 1116 380 372 1080 388 1588 612 376 368 1088 380
17:24:00.943 > DEC fail
17:24:00.970 > RAW ms=11833 n=50 us: 11308 1112 384 364 1088 1112 380 372 1080 388 1080 1120 376 368 1084 388 1080 384 1088 1112 380 368 1084 1112 384 364 1088 384 1080 1116 384 1096 384 368 1080 1116 380 372 1080 1116 380 372 1080 1032 436 1116 380 372 1080 388
17:24:00.989 > DEC 0xA45356 BOTH
17:24:01.017 > RAW ms=11880 n=51 us: 11304 1116 380 372 1080 1116 380 372 1080 384 1084 1112 384 368 1084 388 1080 384 1088 768 364 360 368 1084 1112 384 368 1080 388 1080 1116 380 1104 380 368 1084 1112 380 368 1088 1112 380 372 1080 388 1712 492 376 368 1084 384
17:24:01.036 > DEC fail
17:24:01.064 > RAW ms=11927 n=51 us: 11308 1116 380 372 1080 1120 376 368 1084 384 1084 1112 384 368 1084 388 1080 384 1256 944 376 372 1084 1112 384 368 1080 388 1084 1112 384 1096 380 372 1080 1120 380 368 1084 1116 380 372 1080 384 788 296 1116 380 368 1084 384
17:24:01.083 > DEC fail
17:24:01.110 > RAW ms=11974 n=50 us: 11308 1116 380 372 1088 1108 380 372 1084 384 1080 1116 384 368 1080 388 1080 388 1244 952 380 372 1080 1116 380 372 1080 388 1080 1116 384 1096 380 372 1080 1116 384 368 1080 1116 384 368 1084 384 1080 1116 384 368 1084 384
17:24:01.131 > DEC 0xA45352 LOCK
17:24:01.157 > RAW ms=12020 n=51 us: 11308 1116 384 368 1084 1112 380 372 1084 384 1088 1108 380 372 1080 388 1080 388 1740 468 368 372 1080 1116 384 368 1084 384 1080 1116 380 1104 376 376 1080 1116 380 372 1080 1112 384 372 1080 388 1080 828 312 356 368 1084 388
17:24:01.178 > DEC fail
17:24:01.205 > RAW ms=12067 n=51 us: 11308 1112 384 368 1084 1120 376 368 1084 384 1084 1112 380 372 1084 384 1084 384 1264 936 380 368 1084 1116 380 368 1084 384 1084 1116 380 1100 380 372 1080 1116 384 368 1080 1116 384 368 1084 384 1080 892 252 356 368 1084 388
17:24:01.224 > DEC fail
17:24:01.252 > RAW ms=12114 n=51 us: 11304 1120 380 368 1084 1112 384 368 1084 388 1080 1116 380 368 1084 392 1076 384 1268 932 380 368 1084 1116 380 372 1080 388 1080 1116 380 1104 376 372 1084 1112 380 372 1080 1116 380 372 1084 384 1084 932 208 356 368 1084 384
17:24:01.272 > DEC fail
17:24:01.299 > RAW ms=12162 n=51 us: 11312 1116 380 368 1084 1116 380 368 1084 388 1080 1116 380 372 1080 392 1076 388 1264 932 380 368 1084 1116 380 368 1084 384 1084 1116 380 1100 380 372 1084 1116 380 368 1084 1116 380 368 1084 384 1084 984 148 364 372 1080 388
17:24:01.319 > DEC fail
17:24:01.345 > RAW ms=12209 n=51 us: 11308 1116 384 368 1084 1112 384 368 1084 384 1084 1116 380 368 1084 384 1084 384 1256 944 380 368 1084 1116 380 372 1080 384 1084 1116 380 1100 380 368 1084 1116 380 372 1080 1120 380 368 1084 384 1084 1028 92 376 372 1080 388
17:24:01.365 > DEC fail
17:24:01.393 > RAW ms=12256 n=50 us: 11308 1120 380 368 1084 1116 376 372 1080 388 1084 1120 372 372 1084 384 1080 388 1260 940 380 368 1084 1116 380 368 1084 384 1084 1116 380 1104 376 372 1084 1116 380 368 1084 1116 380 368 1084 388 1144 1052 380 372 1080 388
17:24:01.412 > DEC 0xA45352 LOCK
17:24:01.416 > CODE 0xA45352 LOCK
17:24:01.416 > GESTURE lock 1/3
17:24:01.419 > HOLD LOCK
17:24:01.440 > RAW ms=12303 n=50 us: 11312 1116 380 368 1084 1116 380 368 1084 388 1080 1116 380 368 1084 384 1084 384 1084 1116 380 368 1708 500 372 372 1088 380 1084 1112 384 1096 380 372 1084 1116 380 368 1084 1116 380 372 1080 388 1084 1116 376 372 1204 276
17:24:01.460 > DEC fail
17:24:01.486 > RAW ms=12350 n=50 us: 11300 1116 384 368 1080 1124 376 368 1084 384 1084 1124 372 368 1084 384 1228 256 1068 1116 380 372 1080 1116 380 372 1080 388 1080 1116 380 1100 384 372 1080 1116 380 368 1088 1112 380 912 544 384 1080 1116 380 372 1084 384
17:24:01.507 > DEC 0xA4535A IDLE
17:24:01.533 > RELEASE LOCK (solid HIGH)
17:24:01.533 > RAW ms=12397 n=49 us: 11316 1116 380 368 1084 1116 380 368 1084 384 1084 1120 376 368 1084 388 1080 880 588 1116 380 368 1088 1112 384 368 1084 384 1084 1116 380 1100 380 368 1084 1116 380 372 1080 1120 376 372 1568 984 1116 380 368 1084 388
17:24:01.557 > DEC fail
17:24:01.581 > RAW ms=12444 n=49 us: 11312 1116 380 368 1084 1116 380 372 1080 388 1080 1116 380 372 1080 388 1084 384 1080 1120 380 368 1084 1116 380 368 1084 384 1084 1116 380 1100 380 372 1080 1116 384 368 1084 1116 380 372 1652 896 1116 380 372 1084 388
17:24:01.602 > DEC fail
17:24:01.628 > RAW ms=12491 n=50 us: 11308 1116 384 368 1084 1116 380 368 1084 384 1084 1116 380 372 1080 384 924 160 388 1080 1116 384 368 1080 1120 376 372 1080 388 1084 1116 380 1100 380 368 1084 1116 380 376 1076 1116 380 372 1700 852 1116 380 368 1084 388
17:24:01.648 > DEC fail
17:24:01.676 > RAW ms=12538 n=49 us: 11312 1116 388 364 1080 1116 380 372 1080 388 1084 1112 380 376 1076 388 1164 316 1072 1116 380 368 1084 1116 380 368 1084 388 1080 1116 384 1096 380 372 1084 1116 380 372 1080 1116 380 372 1728 824 1116 380 368 1084 384
17:24:01.695 > DEC fail
17:24:01.722 > RAW ms=12585 n=49 us: 11316 1116 380 368 1084 1116 380 372 1080 388 1080 1116 380 372 1080 388 1088 380 1084 1116 380 372 1080 1112 384 368 1084 388 1080 1116 380 1100 380 372 1084 1116 380 372 1080 1116 380 372 1768 780 1120 376 372 1084 384
17:24:01.743 > DEC fail
17:24:01.770 > RAW ms=12633 n=50 us: 11316 1116 380 372 1084 1112 376 372 1084 388 1080 1116 380 368 1084 388 1080 388 1084 1112 388 364 1084 1116 380 372 1080 388 1080 1116 380 1100 380 376 1080 1116 380 372 1080 1116 380 372 1080 744 728 1112 380 372 1084 384
17:24:01.788 > DEC fail
17:24:01.816 > RAW ms=12680 n=50 us: 11316 1116 380 372 1088 1108 380 372 1080 388 1080 1116 380 372 1080 388 1260 224 1068 1112 384 368 1084 1116 380 372 1080 388 1080 1116 380 1100 384 368 1080 1120 380 368 1084 1116 380 372 1084 784 684 1116 380 372 1080 388
17:24:01.836 > DEC fail
17:24:01.863 > RAW ms=12727 n=50 us: 11312 1116 380 372 1084 1112 380 380 1072 388 1088 1112 380 372 1080 388 1252 232 1064 1120 376 368 1084 1116 380 372 1084 384 1084 1116 380 1100 380 372 1080 1116 380 372 1084 1112 384 368 1084 384 1084 1116 380 376 1080 384
17:24:01.883 > DEC 0xA45352 LOCK
17:24:01.910 > RAW ms=12774 n=50 us: 11316 1116 380 368 1084 1116 380 368 1084 388 1080 1120 380 368 1084 384 1084 1012 456 1116 380 372 1084 1112 384 368 1080 388 1080 1120 380 1100 380 368 1088 1112 380 372 1080 1116 384 372 1080 860 608 1116 384 368 1084 384
17:24:01.930 > DEC 0xA4D356 BOTH
17:24:01.958 > RAW ms=12821 n=50 us: 11316 1116 388 364 1080 1120 380 372 1080 384 1084 1116 380 376 1076 388 1084 912 552 1116 380 372 1084 1112 384 368 1084 384 1084 1116 380 1100 380 372 1080 1120 380 372 1080 1116 380 372 1084 896 572 1116 380 368 1088 384
17:24:01.977 > DEC 0xA4D356 BOTH
17:24:01.979 > CODE 0xA4D356 BOTH
17:24:01.979 > HOLD BOTH
17:24:02.004 > RAW ms=12868 n=49 us: 11316 1116 380 368 1088 1112 380 380 1072 388 1088 1108 380 372 1084 384 1084 384 1084 1116 380 368 1084 1120 376 372 1084 384 1084 1116 380 1100 380 372 1080 1120 380 368 1084 1116 380 372 1084 384 1080 1116 924 912 384
17:24:02.025 > DEC fail
17:24:02.052 > RAW ms=12915 n=49 us: 11316 1116 388 364 1080 1116 380 372 1084 384 1084 1116 380 372 1080 388 1472 20 1056 1116 384 368 1084 1116 380 372 1084 384 1080 1120 376 1100 384 364 1088 1116 380 372 1080 1116 380 372 1552 1000 1116 380 368 1084 384
17:24:02.072 > DEC fail
17:24:02.098 > RELEASE BOTH (solid HIGH)
17:24:02.098 > RAW ms=12962 n=49 us: 11316 1116 388 364 1080 1116 380 376 1080 384 1084 1116 380 376 1080 384 1476 1076 1116 380 372 1080 1120 376 372 1080 388 1080 1120 380 1100 380 368 1084 1116 380 372 1080 1116 384 368 1084 384 1160 1040 380 372 1084 384
17:24:02.121 > DEC fail
17:24:02.150 > RAW ms=13009 n=50 us: 11316 1116 380 372 1084 1116 380 368 1084 384 1084 1116 380 368 1088 384 1080 388 1080 1076 44 380 368 1084 1116 380 372 1080 388 1080 1120 380 1096 380 372 1084 1116 380 372 1084 1116 380 372 1080 388 1080 1116 1064 768 388
17:24:02.166 > DEC fail
17:24:02.192 > RAW ms=13057 n=50 us: 11316 1116 388 364 1080 1120 380 368 1084 384 1084 1116 380 372 1084 384 1084 796 672 1116 380 372 1080 1116 380 372 1084 384 1084 1116 380 1100 380 368 1088 1112 384 368 1084 1116 380 368 1088 384 1252 948 380 368 1084 388
17:24:02.213 > DEC fail
17:24:02.239 > RAW ms=13104 n=49 us: 11316 1116 380 372 1084 1112 380 368 1084 388 1088 1112 380 376 1076 388 1784 764 1116 384 368 1084 1116 380 372 1080 384 1084 1116 380 1104 380 372 1080 1116 380 372 1080 1116 380 372 1084 384 1300 900 380 368 1088 384
17:24:02.261 > DEC fail
17:24:02.287 > RAW ms=13151 n=49 us: 11316 1116 380 372 1084 1112 384 376 1076 384 1088 1112 380 372 1080 388 1452 32 1068 1116 380 368 1084 1116 380 372 1084 384 1084 1116 380 1100 380 372 1080 1116 384 368 1084 1116 380 372 1764 788 1112 384 368 1084 388
17:24:02.307 > DEC fail
17:24:02.334 > RAW ms=13198 n=50 us: 11316 1116 380 368 1088 1112 384 372 1080 388 1084 1112 380 376 1076 388 1452 32 1068 1112 384 368 1084 1116 380 372 1080 388 1084 1116 380 1100 380 372 1084 1112 384 368 1084 1116 380 372 1080 388 1080 1116 384 372 1080 384
17:24:02.353 > DEC fail
17:24:02.380 > RAW ms=13244 n=49 us: 11320 1116 380 368 1088 1112 380 372 1084 384 1084 1116 380 372 1080 388 1080 800 668 1116 380 372 1084 1116 380 372 1080 388 1084 1116 380 1100 380 368 1084 1116 380 372 1084 1116 380 372 1804 748 1112 384 368 1084 384
17:24:02.401 > DEC fail
17:24:02.427 > RAW ms=13291 n=50 us: 11320 1116 380 368 1084 1116 380 376 1080 380 1088 1116 380 376 1076 388 1452 24 1072 1116 380 372 1084 1116 380 372 1080 384 1088 1116 380 1100 380 368 1084 1116 380 372 1084 1116 380 372 1080 388 1084 1116 380 368 1084 388
17:24:02.448 > DEC fail
17:24:02.474 > RAW ms=13338 n=50 us: 11316 1116 380 372 1088 1112 380 376 1076 388 1088 1108 380 372 1080 388 1084 816 652 1116 380 368 1084 1120 380 368 1084 384 1084 1116 380 1104 376 376 1080 1116 380 368 1088 1112 384 368 1084 796 672 1116 384 368 1084 388
17:24:02.494 > DEC fail
17:24:02.522 > RAW ms=13385 n=49 us: 11316 1116 384 364 1088 1112 384 376 1076 388 1084 1112 380 368 1088 384 1788 764 1116 384 368 1084 1116 380 368 1084 388 1084 1116 380 1100 380 372 1084 1112 380 372 1084 1116 380 368 1084 388 1464 736 380 368 1084 388
17:24:02.542 > DEC fail
17:24:02.568 > RAW ms=13432 n=50 us: 11316 1120 384 364 1084 1116 380 372 1084 384 1084 1116 380 372 1080 388 1448 32 1068 1120 380 372 1080 1116 380 372 1084 388 1080 1116 380 1100 380 372 1084 1116 380 372 1080 1120 380 368 1084 844 628 1116 380 372 1080 384
17:24:02.589 > DEC fail
17:24:02.615 > RAW ms=13479 n=49 us: 11320 1120 384 364 1084 1116 380 368 1088 384 1084 1116 380 372 1080 388 1784 772 1112 380 372 1084 1116 380 372 1080 388 1084 1112 384 1100 380 372 1080 1120 380 372 1084 1116 380 372 1080 856 612 1120 380 372 1084 384
17:24:02.636 > DEC fail
17:24:02.636 > RAW ms=13500 n=14 us: 11320 1116 380 372 1084 1116 380 376 1080 384 1084 1116 380 260
17:24:02.645 > DEC fail
17:24:03.778 > RAW ms=14643 n=49 us: 11336 1116 384 364 1084 1116 380 368 1084 384 1080 1116 384 368 1080 384 1084 388 1080 1116 380 368 1236 964 380 368 1084 384 1084 1116 380 1100 380 368 1080 1116 384 368 1080 1116 384 368 1080 1120 380 364 1084 388 1512
17:24:03.797 > DEC 0xA45354 UNLOCK
17:24:03.825 > RAW ms=14690 n=49 us: 11256 1116 384 368 1084 1112 384 368 1084 384 1080 1116 384 364 1084 384 1084 388 1620 584 372 368 1084 1116 380 368 1084 384 1084 1116 380 1100 380 368 1084 1116 380 368 1084 1116 380 368 1084 1824 48 1076 384 1084 384
17:24:03.846 > DEC fail
17:24:03.872 > RAW ms=14737 n=51 us: 11304 1116 388 364 1084 1116 380 368 1084 384 1084 1120 376 364 1084 388 1080 956 512 1116 380 372 1080 1116 384 364 1084 388 1080 1116 384 1096 384 364 1084 1116 384 368 1080 1116 384 368 1080 904 240 352 372 1084 384 1080 388
17:24:03.891 > DEC fail
17:24:03.919 > RAW ms=14784 n=51 us: 11308 1112 384 368 1084 1116 380 368 1084 384 1084 1120 376 368 1084 384 1084 384 1248 948 384 368 1084 1112 384 368 1084 384 1084 1112 384 1096 384 368 1084 1112 384 368 1084 1112 384 368 1084 956 180 360 368 1084 384 1084 384
17:24:03.939 > DEC fail
17:24:03.966 > RAW ms=14831 n=51 us: 11308 1116 384 368 1080 1120 380 364 1084 388 1080 1116 384 364 1084 388 1080 388 1252 944 380 368 1084 1116 384 368 1084 384 1084 1116 380 1100 380 368 1084 1116 380 368 1084 1116 380 368 1084 1008 116 372 372 1080 388 1080 388
17:24:03.985 > DEC fail
17:24:04.013 > RAW ms=14878 n=49 us: 11308 1116 380 368 1084 1120 376 368 1084 384 1084 1124 372 368 1084 384 1084 384 1336 864 380 372 1080 1116 384 368 1084 380 1088 1112 384 1096 384 368 1084 1112 384 368 1084 1116 380 368 1084 1116 956 876 384 1088 384
17:24:04.033 > DEC fail
17:24:04.059 > RAW ms=14925 n=51 us: 11308 1116 384 368 1084 1112 384 368 1080 388 1088 1108 384 368 1080 388 1084 952 516 1116 380 368 1084 1112 384 368 1084 384 1084 1116 380 1100 380 372 1080 1116 384 368 1080 1116 384 368 1084 1116 16 360 372 1084 388 1080 388
17:24:04.080 > DEC fail
17:24:04.107 > RAW ms=14972 n=49 us: 11308 1116 380 368 1084 1120 380 368 1080 384 1084 1116 384 368 1084 384 1084 384 1252 948 380 368 1084 1116 380 368 1084 384 1084 1116 380 1100 380 368 1084 1116 384 368 1084 1112 384 368 1084 1116 1052 780 384 1084 384
17:24:04.128 > DEC fail
17:24:04.154 > RAW ms=15020 n=50 us: 11312 1116 380 372 1080 1116 380 372 1080 388 1080 1116 384 368 1084 384 1084 1040 424 1120 380 368 1084 1116 380 368 1084 384 1084 1116 384 1096 384 368 1080 1116 384 368 1084 1116 380 372 1080 1216 280 372 1080 388 1080 388
17:24:04.173 > DEC 0xA4D354 UNLOCK
17:24:04.176 > CODE 0xA4D354 UNLOCK
17:24:04.179 > GESTURE unlock 1/3
17:24:04.179 > HOLD UNLOCK
17:24:04.204 > RAW ms=15070 n=51 us: 11312 1116 380 368 1084 1112 384 376 1076 384 1088 1108 384 368 1084 388 1088 376 1084 1116 384 368 1084 1112 384 368 1432 44 1080 1112 380 1100 380 368 1084 1116 388 360 1084 1116 384 368 1084 1116 380 372 1080 384 1084 384 3124
17:24:04.224 > DEC fail
17:24:04.248 > RAW ms=15114 n=49 us: 8192 1112 384 368 1084 1112 384 368 1084 384 1084 1112 384 368 1084 384 1084 384 1084 1116 388 364 1084 1152 340 376 1080 384 1084 1116 380 1104 380 364 1088 1116 380 368 1084 1120 376 372 1080 1116 384 368 1084 384 1592
17:24:04.268 > DEC 0xA45354 UNLOCK
17:24:04.295 > RAW ms=15160 n=49 us: 11188 1116 384 368 1084 1112 384 368 1084 384 1084 1116 380 368 1084 384 1084 384 1084 1240 256 376 1080 1112 384 368 1084 384 1084 1116 380 1100 380 372 1080 1116 384 368 1084 1116 380 368 1084 1116 780 1056 384 1084 384
17:24:04.316 > DEC fail
17:24:04.342 > RAW ms=15207 n=51 us: 11312 1116 388 364 1084 1112 384 372 1076 388 1088 1108 384 368 1084 384 1092 376 1356 844 380 372 1080 1116 384 368 1084 384 1084 1116 380 1100 384 368 1080 1116 384 364 1088 1112 384 368 1084 928 212 356 368 1088 384 1084 384
17:24:04.362 > DEC fail
17:24:04.389 > RAW ms=15254 n=50 us: 11312 1116 384 364 1084 1116 384 368 1080 388 1084 1112 384 372 1080 384 1084 384 1084 792 348 364 364 1084 1112 384 368 1084 384 1084 1116 380 1100 380 368 1084 1116 384 368 1084 1116 380 368 1084 1820 52 1076 388 1080 388
17:24:04.408 > DEC fail
17:24:04.412 > RELEASE UNLOCK (solid HIGH)
17:24:04.437 > RAW ms=15301 n=51 us: 11312 1116 384 368 1084 1116 380 368 1084 384 1084 1116 380 372 1080 384 1088 380 1384 816 384 368 1080 1116 384 368 1084 384 1084 1116 384 1100 380 364 1088 1112 384 368 1084 1116 380 372 1080 1048 72 380 368 1084 384 1084 384
17:24:04.456 > DEC fail
17:24:04.483 > RAW ms=15348 n=51 us: 11316 1116 380 372 1080 1116 384 368 1084 384 1084 1116 380 372 1080 384 1084 384 1084 836 308 356 368 1080 1116 384 368 1084 384 1084 1116 380 1100 384 368 1084 1116 380 368 1084 1116 380 372 1084 1116 380 368 1264 224 1064 388
17:24:04.503 > DEC fail
17:24:04.530 > RAW ms=15395 n=51 us: 11312 1120 380 364 1092 1112 380 368 1084 384 1084 1116 380 372 1080 388 1080 388 1084 920 220 356 368 1084 1116 380 372 1084 380 1088 1116 380 1100 380 368 1084 1116 384 368 1084 1116 380 372 1080 1116 380 372 1292 196 1060 388
17:24:04.549 > DEC fail
17:24:04.578 > RAW ms=15442 n=51 us: 11316 1116 380 368 1084 1116 380 372 1080 388 1080 1120 380 368 1084 384 1084 384 1084 928 212 356 368 1088 1116 380 368 1084 384 1084 1116 380 1100 384 368 1084 1116 380 368 1084 1116 380 372 1080 1116 384 368 1332 152 1068 384
17:24:04.596 > DEC fail
17:24:04.624 > RAW ms=15490 n=51 us: 11320 1112 388 364 1084 1116 380 372 1080 384 1084 1116 380 376 1080 380 1088 384 1084 908 232 356 372 1080 1116 384 368 1080 388 1084 1116 380 1100 384 368 1080 1116 384 368 1084 1112 384 368 1084 1116 384 368 1364 108 1080 384
17:24:04.644 > DEC fail
17:24:04.671 > RAW ms=15537 n=51 us: 11316 1116 380 368 1092 1108 384 368 1084 384 1084 1116 380 368 1084 384 1084 388 1080 916 228 356 368 1084 1112 384 368 1084 384 1084 1116 384 1096 384 368 1084 1116 380 372 1084 1116 380 368 1084 1116 380 368 1404 76 1072 388
17:24:04.691 > DEC fail
17:24:04.718 > RAW ms=15584 n=51 us: 11316 1116 384 364 1084 1116 380 372 1080 388 1084 1112 384 372 1080 384 1088 380 1084 824 316 360 368 1084 1116 380 368 1084 384 1084 1116 384 1096 384 368 1084 1116 380 368 1084 1116 380 372 1084 1116 380 760 692 388 1080 384
17:24:04.738 > DEC fail
17:24:04.766 > RAW ms=15631 n=51 us: 11320 1116 376 372 1084 1112 384 368 1084 384 1088 1116 380 368 1084 384 1084 384 1084 836 304 356 372 1080 1116 384 368 1084 384 1084 1116 380 1100 384 368 1080 1120 380 368 1084 1116 384 368 1084 1116 380 800 652 388 1080 388
17:24:04.785 > DEC fail
17:24:04.813 > RAW ms=15678 n=51 us: 11312 1116 384 368 1088 1112 380 376 1076 388 1088 1112 380 368 1084 384 1092 376 1084 836 304 356 372 1084 1116 380 368 1084 388 1080 1116 384 1100 380 372 1080 1116 380 372 1080 1120 380 368 1084 1116 384 824 628 384 1084 384
17:24:04.832 > DEC fail
17:24:04.860 > RAW ms=15725 n=51 us: 11316 1116 388 360 1088 1116 380 372 1080 384 1088 1112 380 376 1076 388 1088 380 1084 832 308 356 368 1088 1112 384 368 1084 384 1084 1116 380 1100 384 368 1084 1116 380 368 1084 1116 384 368 1084 1344 152 368 1088 384 1084 384
17:24:04.880 > DEC fail
17:24:04.907 > RAW ms=15772 n=51 us: 11316 1116 380 372 1084 1112 384 372 1080 388 1084 1112 380 368 1084 388 1088 380 1084 908 232 356 368 1084 1116 384 364 1088 384 1084 1116 380 1100 380 372 1084 1116 380 372 1080 1116 384 368 1080 1120 380 888 564 388 1080 388
17:24:04.926 > DEC fail
17:24:04.954 > RAW ms=15819 n=51 us: 11316 1116 388 364 1084 1116 380 372 1080 384 1088 1112 380 376 1076 388 1088 380 1084 828 312 356 368 1084 1116 384 368 1084 384 1084 1116 380 1100 380 372 1084 1116 380 368 1084 1116 380 372 1080 1120 380 912 540 388 1080 388
17:24:04.974 > DEC fail
17:24:05.001 > RAW ms=15866 n=51 us: 11316 1116 384 368 1084 1116 380 368 1084 384 1084 1116 384 368 1080 388 1084 384 1084 824 316 356 372 1080 1116 384 368 1084 388 1080 1116 380 1104 380 368 1084 1120 376 368 1084 1116 384 368 1084 1116 380 936 516 388 1084 384
17:24:05.020 > DEC fail
17:24:05.048 > RAW ms=15913 n=51 us: 11316 1116 384 368 1088 1112 380 368 1084 388 1088 1112 380 368 1084 384 1084 384 1084 836 304 356 372 1084 1116 380 372 1080 384 1084 1116 384 1096 384 368 1084 1116 380 368 1088 1112 384 372 1080 1116 380 964 492 384 1084 384
17:24:05.068 > DEC fail
17:24:05.095 > RAW ms=15961 n=51 us: 11320 1112 384 368 1084 1116 384 372 1080 384 1084 1116 380 376 1076 384 1088 384 1080 832 312 356 368 1084 1116 384 368 1084 384 1084 1116 380 1100 380 372 1084 1116 380 368 1084 1116 380 372 1080 1116 384 988 464 384 1084 384
17:24:05.114 > DEC fail
17:24:05.142 > RAW ms=16008 n=51 us: 11320 1116 384 368 1084 1112 384 368 1084 388 1080 1116 380 372 1084 384 1084 384 1084 824 316 356 368 1084 1120 380 368 1084 384 1084 1116 380 1100 384 368 1084 1116 380 368 1084 1116 384 368 1084 1116 380 1016 436 384 1088 384
17:24:05.161 > DEC fail
17:24:05.189 > RAW ms=16055 n=50 us: 11316 1116 384 368 1092 1108 380 368 1084 388 1080 1116 384 368 1084 384 1084 384 1084 924 216 360 368 1084 1116 380 368 1084 384 1088 1112 384 1100 380 368 1088 1116 376 372 1084 1116 380 372 1084 1516 356 1076 388 1080 384
17:24:05.209 > DEC fail
17:24:05.236 > RAW ms=16102 n=49 us: 11320 1116 384 368 1080 1120 380 368 1084 384 1084 1116 384 368 1084 388 1080 384 1652 556 376 372 1076 1120 380 368 1084 388 1080 1116 384 1100 380 368 1084 1116 384 368 1084 1116 380 368 1084 1540 336 1076 384 1084 384
17:24:05.257 > DEC fail
17:24:05.283 > RAW ms=16149 n=51 us: 11320 1116 384 368 1084 1116 384 368 1084 384 1084 1116 380 368 1084 388 1084 384 1300 900 380 372 1084 1112 384 368 1084 384 1084 1116 384 1100 380 368 1084 1116 384 368 1084 1116 384 364 1088 1100 16 380 372 1080 384 1084 388
17:24:05.303 > DEC fail
17:24:05.330 > RAW ms=16196 n=50 us: 11316 1120 388 360 1084 1116 380 372 1084 384 1084 1116 380 372 1080 388 1084 384 1384 816 380 372 1080 1116 384 368 1084 384 1084 1116 380 1100 384 368 1084 1116 384 368 1080 1116 384 368 1084 1128 368 372 1084 384 1084 384
17:24:05.350 > DEC 0xA45354 UNLOCK
17:24:05.377 > RAW ms=16243 n=51 us: 11320 1116 384 368 1080 1116 384 368 1084 384 1084 1116 384 364 1088 384 1084 384 1084 968 168 360 372 1080 1120 380 368 1084 384 1084 1116 384 1100 380 368 1084 1116 384 368 1084 1116 380 372 1080 1116 384 372 1320 164 1068 384
17:24:05.397 > DEC fail
17:24:05.424 > RAW ms=16290 n=49 us: 11320 1116 388 360 1084 1116 384 372 1076 388 1084 1116 380 376 1076 388 1084 384 1472 732 376 368 1088 1112 384 368 1084 388 1080 1116 384 1100 380 368 1084 1116 380 372 1084 1116 380 368 1084 1116 1056 780 384 1084 384
17:24:05.445 > DEC fail
17:24:05.470 > RAW ms=16337 n=49 us: 11320 1116 384 368 1084 1116 380 368 1088 380 1088 1116 380 372 1080 388 1080 1016 452 1120 380 372 1080 1116 384 368 1084 384 1084 1116 380 1100 384 364 1088 1116 380 368 1084 1116 384 368 1084 1116 936 900 384 1084 384
17:24:05.491 > DEC fail
17:24:05.518 > RAW ms=16385 n=49 us: 11320 1116 380 372 1080 1116 384 368 1084 384 1084 1116 384 364 1088 384 1084 1008 460 1116 380 372 1084 1116 380 372 1080 388 1084 1116 380 1100 380 368 1084 1120 380 368 1084 1116 380 368 1084 1116 960 876 388 1080 384
17:24:05.539 > DEC fail
17:24:05.565 > RAW ms=16432 n=49 us: 11320 1116 384 368 1084 1116 380 372 1080 388 1084 1112 384 368 1084 384 1084 1016 456 1116 380 372 1080 1116 384 368 1080 388 1084 1116 380 1100 384 368 1084 1116 380 368 1088 1112 384 368 1084 1116 976 860 384 1084 388
17:24:05.586 > DEC fail
17:24:05.612 > RAW ms=16479 n=49 us: 11316 1116 380 372 1084 1116 380 376 1076 384 1088 1112 384 376 1076 388 1084 1028 436 1124 376 368 1084 1116 380 368 1084 388 1084 1112 384 1100 384 368 1084 1116 384 368 1080 1116 384 368 1084 1116 1008 828 384 1084 384
17:24:05.633 > DEC fail
17:24:05.660 > RAW ms=16526 n=50 us: 11320 1116 384 368 1084 1116 380 368 1084 384 1084 1120 380 368 1084 388 1080 1100 372 1116 380 372 1080 1116 384 368 1084 384 1084 1116 384 1096 384 368 1084 1116 380 368 1088 1116 380 368 1084 1140 360 368 1084 384 1084 388
17:24:05.679 > DEC 0xA4D354 UNLOCK
17:24:05.681 > CODE 0xA4D354 UNLOCK
17:24:05.685 > GESTURE unlock 2/3
17:24:05.685 > HOLD UNLOCK
17:24:05.707 > RAW ms=16573 n=50 us: 11320 1112 384 368 1084 1116 384 368 1084 384 1084 1116 384 368 1084 384 1084 388 1084 1116 380 372 1080 1116 380 372 1412 64 1076 1120 380 1100 384 364 1084 1116 384 368 1084 1120 380 368 1084 1116 384 368 1084 384 1084 388
17:24:05.726 > DEC fail
17:24:05.766 > RELEASE UNLOCK (solid HIGH)
17:24:07.589 > RAW ms=18457 n=50 us: 9528 1808 1112 376 372 1080 1112 380 368 1080 384 1080 1112 376 372 1080 384 1084 384 1080 1112 380 368 1080 1544 324 1072 384 1084 1108 380 1096 380 368 1080 1112 380 368 1084 1108 380 372 1080 1112 376 1096 380 368 1084 384
17:24:07.608 > DEC fail
17:24:07.636 > RAW ms=18503 n=50 us: 11312 1112 380 368 1088 1104 380 368 1084 384 1080 1112 380 368 1084 392 1072 384 1100 1096 376 372 1084 1108 380 368 1080 384 1084 1112 380 1096 380 368 1084 1108 380 368 1080 1116 380 364 1084 1288 204 1096 380 368 1080 384
17:24:07.656 > DEC 0xA45356 BOTH
17:24:07.683 > RAW ms=18550 n=52 us: 11320 1108 380 368 1084 1108 384 368 1080 392 1076 1108 380 372 1080 384 1084 384 1084 800 332 356 372 1080 1112 380 368 1080 388 1080 1112 380 1096 380 368 1084 1108 384 364 1084 1112 380 368 1080 1112 384 940 180 352 368 1084 384
17:24:07.703 > DEC fail
17:24:07.730 > RAW ms=18597 n=50 us: 11316 1112 384 364 1092 1104 380 368 1084 384 1084 1108 380 368 1084 392 1072 388 1588 608 372 372 1084 1108 384 364 1084 384 1084 1112 380 1092 384 368 1080 1112 380 368 1084 1112 380 368 1080 1112 380 1056 420 368 1084 384
17:24:07.749 > DEC fail
17:24:07.777 > RAW ms=18644 n=49 us: 11320 1108 384 368 1080 1112 380 368 1084 384 1080 1112 380 368 1084 392 1076 384 1092 1100 384 364 1084 1112 380 364 1088 384 1080 1112 380 1096 380 368 1084 1112 380 368 1084 1108 380 368 1084 1600 988 380 368 1084 384
17:24:07.798 > DEC fail
17:24:07.824 > RAW ms=18692 n=49 us: 11320 1112 380 368 1084 1108 380 376 1076 384 1092 1104 380 368 1084 380 1084 1048 420 1112 380 368 1084 1108 384 368 1080 388 1080 1112 384 1088 384 368 1084 1108 384 368 1080 1112 380 368 1084 1688 900 380 368 1084 384
17:24:07.845 > DEC fail
17:24:07.871 > RAW ms=18739 n=49 us: 11324 1108 380 368 1088 1108 380 368 1084 384 1084 1108 380 368 1084 388 1080 1052 416 1108 384 368 1084 1108 384 368 1080 384 1084 1112 380 1092 384 368 1084 1108 384 364 1088 1112 376 372 1080 1776 816 376 368 1084 384
17:24:07.892 > DEC fail
17:24:07.918 > RAW ms=18786 n=51 us: 11324 1108 388 364 1080 1112 384 364 1084 384 1084 1116 376 368 1084 384 1080 1048 424 1108 380 368 1084 1112 376 368 1088 384 1084 1108 384 1092 380 372 1080 1112 380 368 1084 1112 380 368 1084 892 252 348 1096 380 368 1084 384
17:24:07.938 > DEC fail
17:24:07.964 > RAW ms=18833 n=50 us: 11324 1108 380 368 1088 1108 380 372 1080 384 1084 1116 376 368 1084 384 1084 384 1348 848 376 372 1084 1108 380 372 1080 384 1084 1112 380 1096 380 368 1084 1108 384 368 1080 1116 380 364 1088 952 540 1092 380 372 1080 384
17:24:07.984 > DEC 0xA45356 BOTH
17:24:07.987 > CODE 0xA45356 BOTH
17:24:07.987 > HOLD BOTH
17:24:08.012 > RAW ms=18880 n=49 us: 11324 1112 380 368 1084 1112 380 372 1080 384 1088 1104 384 364 1088 380 1084 384 1084 1112 380 368 1084 1108 384 372 1080 388 1080 1108 384 1092 384 368 1084 1108 380 372 1080 1112 380 372 1080 1112 380 1096 952 880 384
17:24:08.032 > DEC fail
17:24:08.059 > RAW ms=18927 n=49 us: 11324 1112 380 368 1080 1112 380 376 1076 384 1088 1108 380 368 1084 384 1488 1064 1108 380 376 1076 1112 380 368 1088 380 1088 1108 376 1104 372 372 1084 1112 376 372 1084 1108 380 368 1644 560 376 1092 380 372 1080 388
17:24:08.078 > DEC fail
17:24:08.078 > RAW ms=18946 n=12 us: 11320 1112 380 368 1084 1108 384 372 1076 384 1092 636
17:24:08.087 > DEC fail
17:24:08.106 > RELEASE BOTH (solid HIGH)
17:24:09.862 > RAW ms=20731 n=49 us: 11372 1116 380 368 1076 1116 380 364 1080 388 1080 1112 380 368 1080 388 1076 392 1076 1112 380 796 652 1112 380 368 1080 388 1080 1108 380 1096 380 372 1076 1112 380 368 1080 1112 384 368 1080 1112 376 1096 384 368 1788
17:24:09.883 > DEC fail
17:24:09.909 > RAW ms=20779 n=50 us: 10984 1116 380 368 1080 1108 384 368 1080 388 1076 1120 372 372 1080 384 1080 384 1092 1104 380 368 1080 1112 380 368 1080 388 1080 1112 380 1092 384 368 1080 1108 384 368 1080 1112 384 364 1084 1108 1052 440 364 368 1084 384
17:24:09.928 > DEC fail
17:24:09.956 > RAW ms=20825 n=51 us: 11316 1108 384 368 1080 1112 380 368 1080 388 1076 1112 384 368 1080 388 1076 388 1100 1092 380 368 1084 1108 384 368 1080 388 1080 1108 384 1096 380 368 1080 1112 376 372 1080 1112 384 364 1084 1112 380 800 320 356 368 1080 388
17:24:09.975 > DEC fail
17:24:10.003 > RAW ms=20872 n=51 us: 11312 1112 384 364 1088 1104 384 368 1080 388 1080 1108 384 368 1080 388 1080 384 1352 844 384 364 1080 1116 380 364 1084 384 1080 1112 384 1092 384 364 1080 1116 380 368 1080 1112 384 368 1076 1112 384 908 216 352 368 1080 384
17:24:10.022 > DEC fail
17:24:10.050 > RAW ms=20919 n=50 us: 11316 1112 384 368 1080 1112 380 368 1084 384 1080 1112 380 368 1084 384 1080 388 1268 924 380 368 1088 1108 380 372 1076 388 1080 1112 380 1096 380 368 1080 1112 384 368 1080 1112 384 368 1080 1464 40 1084 380 368 1080 388
17:24:10.069 > DEC fail
17:24:10.096 > RAW ms=20966 n=50 us: 11316 1112 380 368 1080 1120 376 364 1084 388 1080 1112 380 368 1080 388 1080 388 1080 1112 380 368 1084 1108 384 368 1080 388 1080 1112 380 1096 380 368 1080 1112 384 368 1080 1112 380 372 1636 560 376 1096 380 368 1080 388
17:24:10.116 > DEC fail
17:24:10.143 > RAW ms=21013 n=50 us: 11316 1112 380 372 1080 1112 380 368 1080 388 1080 1112 380 368 1084 392 1072 388 1092 1100 384 368 1080 1112 380 368 1080 388 1084 1112 380 1092 384 364 1084 1112 380 372 1080 1108 384 368 1732 476 364 1096 384 368 1080 388
17:24:10.163 > DEC fail
17:24:10.190 > RAW ms=21060 n=51 us: 11316 1112 380 372 1080 1112 380 368 1084 384 1080 1112 380 372 1080 392 1076 388 1088 1100 384 368 1080 1112 380 372 1080 384 1084 1108 384 1092 384 368 1080 1112 384 368 1080 1112 384 368 1080 768 368 356 1096 384 364 1084 384
17:24:10.210 > DEC fail
17:24:10.237 > RAW ms=21107 n=51 us: 11320 1112 388 364 1080 1112 384 364 1084 384 1080 1116 380 368 1080 388 1080 388 1336 856 380 368 1084 1112 380 368 1080 388 1080 1112 384 1092 380 372 1080 1112 384 364 1084 1112 380 368 1080 864 284 348 1096 380 372 1080 384
17:24:10.257 > DEC fail
17:24:10.285 > RAW ms=21154 n=50 us: 11320 1112 388 364 1080 1112 380 368 1084 384 1080 1116 380 368 1080 388 1080 388 1248 944 380 372 1076 1116 380 368 1084 384 1080 1112 384 1092 384 368 1080 1112 384 368 1080 1112 380 372 1080 1112 828 652 376 368 1084 388
17:24:10.304 > DEC fail
17:24:10.331 > RAW ms=21201 n=50 us: 11316 1112 388 364 1080 1112 380 376 1076 388 1080 1112 380 368 1080 388 1080 388 1080 1112 384 368 1080 1112 384 368 1080 388 1080 1112 384 1092 380 368 1084 1112 380 368 1084 1112 380 368 1084 1112 900 580 376 368 1084 388
17:24:10.351 > DEC fail
17:24:10.378 > RAW ms=21249 n=50 us: 11316 1112 384 368 1080 1112 384 368 1080 388 1080 1112 380 372 1080 388 1080 388 1088 1104 380 368 1084 1112 380 368 1080 388 1080 1112 384 1092 384 368 1080 1116 380 368 1080 1116 380 364 1084 1112 996 492 372 368 1084 384
17:24:10.398 > DEC fail
17:24:10.426 > RAW ms=21296 n=50 us: 11320 1112 384 368 1080 1112 384 372 1076 384 1088 1108 380 368 1084 388 1080 388 1088 1104 380 368 1084 1108 384 368 1080 388 1080 1112 384 1092 384 368 1084 1112 380 368 1080 1112 384 368 1080 1112 1076 416 368 368 1080 388
17:24:10.445 > DEC fail
17:24:10.472 > RAW ms=21342 n=51 us: 11324 1108 384 368 1080 1116 380 372 1076 388 1084 1108 384 364 1084 388 1080 388 1096 1100 380 368 1080 1108 384 368 1084 384 1084 1112 380 1096 380 372 1080 1108 384 372 1080 1112 380 372 1080 1112 380 788 336 356 368 1080 388
17:24:10.492 > DEC fail
17:24:10.520 > RAW ms=21389 n=50 us: 11320 1112 384 364 1088 1108 380 372 1080 388 1080 1120 376 368 1080 388 1080 388 1332 860 380 368 1084 1112 384 364 1084 388 1080 1112 380 1096 380 368 1084 1112 380 368 1084 1112 384 368 1080 1312 180 1096 384 368 1080 388
17:24:10.539 > DEC fail
17:24:10.567 > RAW ms=21436 n=51 us: 11324 1108 388 364 1080 1116 380 368 1084 384 1080 1116 380 364 1084 388 1080 388 1008 80 1104 384 368 1080 1112 384 368 1080 388 1080 1112 380 1096 384 368 1080 1112 384 368 1080 1112 384 368 1080 1392 108 1088 384 368 1084 384
17:24:10.586 > DEC fail
17:24:10.613 > RAW ms=21483 n=50 us: 11324 1112 380 372 1080 1112 380 372 1080 388 1084 1108 380 368 1084 388 1080 388 1324 868 380 368 1084 1108 384 368 1084 384 1084 1112 380 1096 380 372 1080 1112 380 368 1084 1112 380 372 1080 1460 52 1076 384 368 1080 384
17:24:10.633 > DEC fail
17:24:10.660 > RAW ms=21530 n=50 us: 11328 1112 380 372 1080 1112 384 368 1080 388 1084 1108 380 368 1088 380 1084 384 1084 1112 380 372 1080 1112 380 372 1080 388 1080 1112 380 1096 384 364 1084 1112 380 368 1084 1112 384 368 1608 592 376 1096 380 368 1084 384
17:24:10.680 > DEC fail
17:24:10.707 > RAW ms=21577 n=49 us: 11324 1112 384 368 1080 1112 384 368 1084 388 1080 1108 384 376 1072 392 1084 380 1092 1104 380 368 1084 1112 380 368 1084 384 1080 1112 384 1096 384 368 1080 1112 380 368 1084 1112 384 368 1080 1604 984 384 368 1084 384
17:24:10.728 > DEC fail
17:24:10.754 > RAW ms=21624 n=49 us: 11324 1112 384 368 1080 1112 384 368 1080 388 1080 1116 380 372 1080 384 1084 1020 448 1108 384 368 1084 1108 384 368 1080 392 1080 1112 380 1096 380 372 1080 1112 384 368 1080 1112 384 368 1080 1648 944 380 372 1080 384
17:24:10.774 > DEC fail
17:24:10.801 > RAW ms=21671 n=49 us: 11324 1116 380 372 1080 1112 380 372 1080 384 1084 1112 380 376 1076 388 1084 1028 432 1116 384 364 1084 1112 384 368 1080 388 1080 1112 384 1092 384 368 1080 1112 384 372 1080 1112 380 368 1084 1732 856 380 368 1084 388
17:24:10.822 > DEC fail
17:24:10.848 > RAW ms=21719 n=49 us: 11324 1112 384 368 1080 1112 384 368 1080 388 1080 1112 384 372 1076 388 1088 1028 432 1112 384 364 1084 1112 384 368 1084 384 1080 1116 380 1096 380 372 1080 1112 384 368 1080 1112 384 368 1080 1796 796 380 372 1080 384
17:24:10.869 > DEC fail
17:24:10.896 > RAW ms=21766 n=50 us: 11328 1112 384 368 1080 1112 380 372 1080 388 1084 1108 384 368 1080 388 1080 1040 428 1112 388 364 1080 1112 384 368 1080 392 1080 1112 380 1096 384 364 1084 1112 384 368 1080 1112 384 368 1080 1112 756 724 380 372 1080 388
17:24:10.915 > DEC fail
17:24:10.943 > RAW ms=21813 n=50 us: 11324 1112 384 368 1080 1112 380 372 1080 388 1080 1112 384 364 1084 388 1088 380 1088 1108 380 368 1084 1112 380 372 1080 388 1080 1112 384 1092 384 368 1080 1112 384 368 1080 1112 388 364 1084 1112 816 664 376 372 1084 384
17:24:10.962 > DEC fail
17:24:10.989 > RAW ms=21860 n=51 us: 11328 1112 380 368 1084 1112 380 372 1080 388 1080 1112 380 376 1076 388 1084 380 1092 1104 384 368 1084 1112 380 368 1084 388 1080 1112 384 1092 384 368 1080 1116 380 372 1080 1112 384 368 1080 984 152 360 1092 384 368 1084 384
17:24:11.009 > DEC fail
17:24:11.036 > RAW ms=21907 n=51 us: 11328 1112 384 368 1080 1116 380 368 1084 384 1084 1112 380 376 1076 384 1088 380 1328 868 380 368 1084 1112 384 368 1080 388 1084 1112 380 1096 380 372 1080 1112 384 368 1080 1116 380 368 1084 1044 76 372 1096 380 372 1080 388
17:24:11.056 > DEC fail
17:24:11.083 > RAW ms=21954 n=51 us: 11328 1112 380 372 1080 1112 380 372 1080 388 1080 1112 384 372 1076 388 1088 380 1240 956 380 368 1084 1112 380 372 1080 388 1080 1112 384 1092 384 368 1084 1112 384 368 1080 1112 384 368 1080 1112 16 368 1096 380 368 1084 388
17:24:11.103 > DEC fail
17:24:11.130 > RAW ms=22001 n=50 us: 11324 1112 384 368 1080 1116 380 372 1080 388 1080 1112 384 372 1076 388 1084 384 1240 956 380 368 1084 1108 388 364 1084 388 1080 1112 384 1096 380 368 1084 1112 384 368 1080 1112 384 368 1084 1152 336 1100 384 364 1084 384
17:24:11.150 > DEC 0xA45356 BOTH
17:24:11.178 > RAW ms=22048 n=49 us: 11332 1112 380 372 1080 1112 384 368 1080 388 1080 1116 380 368 1084 388 1080 388 1728 476 368 376 1076 1112 384 368 1084 384 1080 1116 380 1096 380 372 1080 1116 380 372 1080 1112 384 368 1080 1112 384 1736 128 1064 388
17:24:11.198 > DEC fail
17:24:11.224 > RAW ms=22094 n=50 us: 11324 1116 380 368 1084 1112 380 372 1080 388 1080 1112 384 376 1072 388 1080 1040 428 1116 380 368 1084 1112 384 368 1080 388 1080 1112 384 1096 380 372 1080 1112 384 368 1080 1112 384 368 1080 1248 248 1096 384 368 1080 388
17:24:11.244 > DEC 0xA4D356 BOTH
17:24:11.247 > CODE 0xA4D356 BOTH
17:24:11.249 > HOLD BOTH
17:24:11.272 > RAW ms=22141 n=49 us: 11328 1112 388 360 1084 1112 384 376 1072 388 1088 1108 380 368 1084 388 1080 388 1080 1112 384 368 1080 1112 384 372 1080 384 1084 1112 380 1096 384 372 1076 1116 380 372 1080 1112 384 368 1084 1108 384 1096 384 368 1496
17:24:11.291 > DEC 0xA45356 BOTH
17:24:11.318 > RAW ms=22189 n=49 us: 11300 1112 384 368 1080 1112 384 372 1080 388 1080 1112 380 372 1080 396 1072 388 1084 1112 380 372 1080 1112 384 372 1076 388 1084 1116 376 1096 380 372 1080 1112 384 368 1084 1112 380 372 1080 1784 812 380 364 1084 388
17:24:11.339 > DEC fail
17:24:11.366 > RAW ms=22236 n=50 us: 11328 1112 384 368 1080 1112 384 372 1080 384 1088 1108 380 372 1080 388 1488 1060 1120 376 368 1084 1112 380 368 1084 388 1080 1116 380 1096 380 368 1084 1112 384 372 1080 1112 380 372 1080 832 308 356 1096 380 368 1084 392
17:24:11.385 > DEC fail
17:24:11.411 > RELEASE BOTH (solid HIGH)
17:24:11.411 > RAW ms=22283 n=51 us: 11324 1112 384 368 1080 1112 384 368 1084 388 1080 1112 380 376 1076 388 1084 752 716 1112 380 368 1084 1112 384 368 1080 388 1080 1116 380 1096 380 372 1080 1116 380 368 1080 1116 380 372 1080 884 264 348 1092 384 368 1084 384
17:24:11.432 > DEC fail
17:24:11.460 > RAW ms=22330 n=51 us: 11332 1112 380 368 1084 1112 384 368 1080 388 1080 1116 380 368 1084 388 1080 388 1088 1104 384 368 1084 1108 384 368 1084 384 1084 1112 384 1092 384 368 1084 1112 380 368 1084 1112 384 368 1084 976 160 360 1092 384 368 1080 388
17:24:11.479 > DEC fail
17:24:11.506 > RAW ms=22377 n=51 us: 11328 1116 380 372 1080 1112 384 368 1080 388 1084 1112 380 376 1076 384 1088 384 1080 1112 380 372 1080 1112 384 368 1084 384 1084 1112 384 1092 384 368 1084 1112 384 368 1080 1112 384 372 1080 1032 92 372 1092 384 368 1084 388
17:24:11.526 > DEC fail
17:24:11.553 > RAW ms=22424 n=51 us: 11328 1112 384 368 1080 1112 384 372 1080 384 1088 1108 380 372 1080 384 1084 388 1080 1112 384 368 1080 1116 380 372 1080 388 1080 1116 380 1096 380 372 1080 1112 384 368 1084 1112 384 368 1080 1084 40 372 1092 384 368 1084 388
17:24:11.573 > DEC fail
17:24:11.600 > RAW ms=22471 n=52 us: 11328 1112 384 364 1088 1112 380 368 1084 384 1084 1112 384 372 1076 388 1088 384 756 320 1116 384 364 1084 1116 380 372 1080 388 1080 1112 384 1092 384 368 1084 1112 384 368 1080 1112 384 368 1084 1108 20 368 1092 384 368 1084 388
17:24:11.620 > DEC fail
17:24:11.648 > RAW ms=22518 n=51 us: 11328 1112 384 368 1080 1116 380 368 1084 384 1084 1112 384 372 1076 388 1088 380 1000 88 1108 380 368 1084 1112 384 368 1080 388 1084 1112 384 1092 384 368 1084 1112 380 372 1080 1112 384 368 1080 1116 1060 432 368 368 1084 384
17:24:11.667 > DEC fail
17:24:11.694 > RAW ms=22565 n=50 us: 11332 1112 384 368 1080 1112 384 368 1084 384 1084 1112 380 376 1076 388 1088 380 1080 1112 384 368 1084 1112 384 368 1080 388 1084 1112 384 1092 384 368 1080 1116 380 372 1080 1112 384 368 1084 1112 1104 392 364 364 1088 384
17:24:11.715 > DEC fail
17:24:11.741 > RAW ms=22612 n=50 us: 11332 1112 384 368 1080 1116 380 368 1084 388 1080 1112 384 368 1084 384 1084 876 592 1112 384 368 1080 1112 384 368 1084 388 1080 1112 384 1092 384 368 1084 1112 380 372 1080 1112 384 372 1080 1244 248 1096 384 372 1080 388
17:24:11.761 > DEC 0xA4D356 BOTH
17:24:11.764 > CODE 0xA4D356 BOTH
17:24:11.764 > HOLD BOTH
17:24:11.789 > RAW ms=22660 n=50 us: 11328 1112 384 368 1084 1112 380 372 1080 388 1080 1116 380 372 1080 388 1080 388 1080 1112 384 368 1084 1112 384 364 1088 384 1080 1112 384 1096 380 372 1080 1112 384 368 1088 1112 376 372 1084 1108 384 1096 384 364 1084 928
17:24:11.809 > DEC 0xA45356 BOTH
17:24:11.836 > RAW ms=22707 n=50 us: 10792 1112 380 368 1084 1112 384 368 1084 388 1080 1112 380 372 1080 396 1076 384 1760 452 364 368 1084 1112 384 368 1084 388 1080 1116 380 1092 388 364 1084 1112 384 368 1080 1116 380 372 1080 1112 384 1096 756 16 1064 384
17:24:11.854 > DEC fail
17:24:11.882 > RAW ms=22754 n=49 us: 11328 1112 384 368 1084 1112 384 368 1080 384 1084 1112 384 368 1084 384 1744 808 1112 384 368 1084 1112 380 372 1080 388 1080 1116 380 1096 384 368 1080 1112 384 368 1084 1116 380 368 1396 800 384 1092 384 368 1084 388
17:24:11.904 > DEC fail
17:24:11.929 > RELEASE BOTH (solid HIGH)
17:24:11.929 > RAW ms=22801 n=50 us: 11328 1112 388 364 1084 1112 384 368 1080 388 1084 1108 384 368 1084 388 1248 244 1056 1116 380 368 1084 1112 384 368 1084 388 1080 1112 384 1092 384 372 1080 1112 384 368 1080 1116 380 372 1300 896 380 1096 380 372 1080 392
17:24:11.952 > DEC 0xA45356 BOTH
17:24:11.954 > CODE 0xA45356 BOTH
17:24:11.954 > HOLD BOTH
17:24:11.977 > RAW ms=22848 n=50 us: 11328 1112 384 368 1080 1112 384 368 1084 388 1080 1112 384 368 1080 388 1084 384 1084 1112 384 368 1080 1408 96 368 1080 384 1084 1112 384 1092 384 368 1080 1116 380 372 1080 1112 388 364 1084 1116 380 1092 388 364 1084 936
17:24:11.997 > DEC fail
17:24:12.024 > RAW ms=22895 n=50 us: 10780 1116 380 372 1080 1112 384 368 1080 392 1076 1116 380 372 1080 396 1072 388 1084 1112 384 368 1080 1116 380 372 1080 392 1076 1112 384 1096 380 372 1080 1112 384 372 1080 1112 384 368 1084 1308 184 1096 384 368 1084 384
17:24:12.043 > DEC fail
17:24:12.068 > RAW ms=22939 n=45 us: 11332 1116 380 368 1084 1112 380 372 1080 384 1088 1108 380 372 1080 384 1760 792 1116 376 372 1080 1112 380 372 1080 388 1080 1112 384 1092 380 372 1080 1116 380 368 1084 1112 384 364 1084 1356 136 368
17:24:12.087 > DEC fail
17:24:12.087 > RELEASE BOTH (solid HIGH)
